==================== Totem_Laurier2014 ================================
25 	26820
35 	26235
29 	25542
36 	25332
39 	25261
23 	24937
34 	24758
32 	24533
27 	24027
37 	23470
28 	23276
26 	23115
30 	23114
22 	23024
38 	22778
40 	21914
31 	20898
24 	20071
21 	20064
33 	17072
42 	16761
41 	16283
20 	15214
19 	14535
43 	14250
18 	8776
17 	7907
44 	7787
16 	6105
15 	5500
14 	2661
num weeks: 31
sum of aadt for this year: 582020
average weekly aadt: 18774.8387097
average weekly for top 12 months: 24775.5
average weekly for next 20 months: 14235.7
PPI: 1.7403780636
==================================================================
Totem_Laurier2012 has no AADT
==================== Totem_Laurier2013 ================================
28 	24851
39 	24643
40 	23990
34 	23301
18 	23168
38 	22805
22 	22799
35 	22761
32 	22742
29 	21885
33 	21877
41 	21852
25 	21719
27 	21495
30 	21340
31 	21040
37 	20201
24 	19813
23 	19144
19 	18708
26 	18513
20 	18366
36 	18261
42 	17624
17 	16100
43 	15306
21 	13471
45 	12502
44 	12151
16 	11264
46 	10716
47 	8267
15 	6952
14 	6097
48 	3130
num weeks: 35
sum of aadt for this year: 628854
average weekly aadt: 17967.2571429
average weekly for top 12 months: 23056.1666667
average weekly for next 20 months: 16800.05
PPI: 1.37238678853
==================================================================
Totem_Laurier2011 has no AADT
==================== PierDup2011 ================================
27 	19517
28 	17968
30 	17483
26 	17304
29 	16958
24 	15706
31 	15086
32 	14272
22 	13503
35 	12365
36 	12129
25 	10910
34 	10833
37 	10203
38 	9436
19 	8678
17 	8487
33 	8460
20 	8455
40 	7511
21 	6663
23 	6014
39 	5999
41 	5845
18 	5780
16 	3755
43 	3318
44 	2810
42 	2760
14 	2727
45 	2273
15 	1939
13 	1609
46 	1229
47 	660
48 	243
num weeks: 36
sum of aadt for this year: 308888
average weekly aadt: 8580.22222222
average weekly for top 12 months: 15266.75
average weekly for next 20 months: 6097.3
PPI: 2.50385416496
==================================================================
==================== PierDup2013 ================================
28 	19367
30 	19295
31 	18483
32 	18355
27 	17143
34 	16434
18 	16297
29 	15517
33 	15509
25 	14756
26 	14231
35 	14018
22 	13870
24 	11817
19 	11623
39 	11229
20 	11071
36 	10500
17 	9667
38 	9338
40 	8744
41 	8639
37 	7334
23 	6137
21 	5589
16 	4485
42 	3886
43 	3120
15 	2051
44 	1864
45 	1769
46 	1659
14 	1189
47 	651
48 	231
num weeks: 35
sum of aadt for this year: 345868
average weekly aadt: 9881.94285714
average weekly for top 12 months: 16617.0833333
average weekly for next 20 months: 7219.6
PPI: 2.30166260365
==================================================================
==================== PierDup2012 ================================
27 	19171
28 	17786
30 	17210
29 	17065
25 	17022
31 	16393
21 	15846
34 	15715
24 	15233
20 	15019
26 	13631
32 	13519
35 	13222
36 	12528
37 	11862
33 	9563
22 	8420
19 	8025
23 	7814
18 	6746
38 	6561
39 	5617
43 	5293
15 	5289
40 	5005
41 	4354
42 	4100
16 	3935
14 	3547
17 	2405
46 	1674
44 	1558
45 	1397
47 	1222
48 	293
13 	168
num weeks: 36
sum of aadt for this year: 324208
average weekly aadt: 9005.77777778
average weekly for top 12 months: 16134.1666667
average weekly for next 20 months: 6375.9
PPI: 2.53049242721
==================================================================
==================== Maisonneuve_12011 ================================
24 	28227
22 	27887
27 	26564
28 	25979
23 	25237
26 	24330
29 	23218
35 	22358
36 	21784
38 	21400
32 	21260
33 	20986
31 	20720
34 	20401
25 	20248
30 	20044
37 	19741
19 	18929
39 	17436
40 	16901
21 	15276
20 	14795
41 	13522
42 	13016
43 	12295
44 	12011
17 	11484
18 	11165
45 	10773
46 	8418
16 	7127
15 	6879
14 	5990
47 	4277
48 	2158
13 	1556
num weeks: 36
sum of aadt for this year: 594392
average weekly aadt: 16510.8888889
average weekly for top 12 months: 24102.5
average weekly for next 20 months: 14559.05
PPI: 1.65549950031
==================================================================
==================== Maisonneuve_12012 ================================
24 	26058
27 	25823
20 	25361
23 	24591
34 	24158
37 	23371
21 	23136
35 	23096
28 	23045
29 	22272
30 	21798
33 	21738
22 	21325
25 	20727
36 	20566
26 	19988
31 	18668
32 	18034
38 	17636
19 	17575
39 	17503
18 	16412
40 	16015
43 	15351
16 	14504
42 	13700
41 	12572
15 	12060
45 	10406
17 	10251
44 	10045
46 	9794
14 	9230
47 	7395
48 	3982
13 	442
num weeks: 36
sum of aadt for this year: 618628
average weekly aadt: 17184.1111111
average weekly for top 12 months: 23703.9166667
average weekly for next 20 months: 15656.6
PPI: 1.51398877577
==================================================================
==================== Maisonneuve_12013 ================================
28 	41391
22 	40338
27 	39240
39 	38677
32 	38587
25 	38512
40 	38278
30 	37970
34 	37688
38 	37509
35 	36861
31 	36253
29 	36238
24 	36201
36 	36193
33 	35269
23 	34463
20 	32914
41 	32873
37 	32268
26 	30786
42 	26712
43 	23787
18 	23349
21 	22711
19 	22041
44 	17313
45 	16227
17 	15278
46 	13983
16 	10888
47 	10687
15 	5559
48 	4756
14 	4257
num weeks: 35
sum of aadt for this year: 986057
average weekly aadt: 28173.0571429
average weekly for top 12 months: 38442.0
average weekly for next 20 months: 25509.05
PPI: 1.50699457643
==================================================================
==================== Maisonneuve_12014 ================================
25 	24938
29 	21984
35 	21881
27 	21816
39 	21710
36 	21314
34 	21269
23 	20985
26 	20763
37 	20434
38 	19907
21 	19887
30 	19829
32 	19514
28 	19450
22 	19423
40 	18233
20 	18141
19 	16788
24 	16389
31 	16298
33 	14094
41 	13414
42 	12908
43 	10375
18 	10049
17 	8817
16 	6314
15 	5852
44 	5030
14 	2825
num weeks: 31
sum of aadt for this year: 510631
average weekly aadt: 16471.9677419
average weekly for top 12 months: 21407.3333333
average weekly for next 20 months: 12687.15
PPI: 1.68732405098
==================================================================
==================== Maisonneuve_22014 ================================
25 	42980
29 	40352
39 	39021
23 	38565
35 	38335
32 	38154
36 	37944
34 	37882
30 	37658
37 	37076
27 	36822
28 	35913
38 	35907
26 	35052
21 	34360
31 	33918
40 	33076
20 	32281
22 	31992
19 	30515
24 	30190
33 	25741
41 	24789
42 	23495
43 	19736
18 	18590
17 	16336
15 	11880
16 	11772
44 	8887
14 	6347
num weeks: 31
sum of aadt for this year: 925566
average weekly aadt: 29856.9677419
average weekly for top 12 months: 38391.8333333
average weekly for next 20 months: 23243.2
PPI: 1.65174473968
==================================================================
==================== Maisonneuve_22013 ================================
28 	41391
18 	40755
22 	40338
27 	39240
19 	38892
39 	38677
32 	38587
25 	38512
40 	38278
30 	37970
34 	37688
38 	37509
35 	36861
31 	36253
29 	36238
24 	36201
36 	36193
33 	35269
23 	34463
20 	32914
41 	32873
37 	32268
26 	30786
17 	27020
42 	26712
43 	23787
21 	22711
16 	18988
44 	17313
45 	16227
46 	13983
15 	10777
47 	10687
14 	8564
48 	4756
num weeks: 35
sum of aadt for this year: 1049681
average weekly aadt: 29990.8857143
average weekly for top 12 months: 38986.4166667
average weekly for next 20 months: 27891.85
PPI: 1.39777091396
==================================================================
==================== Maisonneuve_22012 ================================
23 	43873
24 	43141
28 	42975
27 	41375
34 	41007
37 	40839
30 	40820
25 	40685
29 	40605
20 	40308
31 	38895
35 	38090
21 	37902
36 	37135
33 	36389
22 	36191
32 	34834
26 	33280
38 	30927
39 	30616
43 	29412
19 	29176
40 	27920
18 	27874
42 	24970
16 	24351
41 	22329
15 	21591
45 	18985
44 	18515
46 	18378
14 	17329
17 	17016
47 	14580
48 	7843
13 	824
num weeks: 36
sum of aadt for this year: 1090980
average weekly aadt: 30305.0
average weekly for top 12 months: 41051.0833333
average weekly for next 20 months: 27905.2
PPI: 1.47109081223
==================================================================
==================== Maisonneuve_22011 ================================
22 	46454
27 	45528
28 	44753
24 	44394
29 	42902
30 	42424
23 	41991
35 	41337
31 	40853
38 	40852
36 	39771
26 	39064
32 	38015
33 	37989
37 	37077
34 	35553
25 	34541
19 	33685
39 	33681
40 	30793
21 	27297
20 	27092
41 	25577
43 	25150
42 	24651
44 	23704
17 	21961
45 	21457
18 	20646
46 	16237
16 	13681
15 	13261
14 	12536
47 	8984
48 	4527
13 	3562
num weeks: 36
sum of aadt for this year: 1081980
average weekly aadt: 30055.0
average weekly for top 12 months: 42526.9166667
average weekly for next 20 months: 27102.4
PPI: 1.56911995494
==================================================================
==================== PierDup2014 ================================
29 	18935
25 	18369
32 	18072
34 	18041
31 	17929
21 	16734
27 	16561
36 	16009
30 	15895
26 	15605
35 	15322
28 	15018
39 	11658
19 	11382
20 	11108
22 	10876
24 	10367
37 	9930
33 	9122
38 	7976
23 	7885
40 	7113
42 	5050
41 	4871
17 	4699
18 	4479
16 	3752
43 	2870
15 	2611
44 	1269
14 	413
num weeks: 31
sum of aadt for this year: 329921
average weekly aadt: 10642.6129032
average weekly for top 12 months: 16874.1666667
average weekly for next 20 months: 6371.55
PPI: 2.64836133542
==================================================================
==================== CSC2013 ================================
39 	17030
38 	16882
40 	16604
18 	16403
36 	15934
19 	15875
22 	15557
25 	15141
35 	15066
37 	15038
28 	15032
34 	14542
41 	14519
24 	13820
27 	13637
32 	13609
30 	13506
23 	13261
31 	13084
20 	13081
33 	12994
29 	12231
17 	11401
26 	10829
42 	10484
21 	8416
43 	8279
16 	7884
45 	7620
44 	7239
46 	5781
47 	4722
15 	4645
14 	3593
48 	1106
num weeks: 35
sum of aadt for this year: 414845
average weekly aadt: 11852.7142857
average weekly for top 12 months: 15758.6666667
average weekly for next 20 months: 10819.85
PPI: 1.45645888498
==================================================================
==================== Berri12013 ================================
27 	36857
28 	36509
22 	36478
18 	35521
25 	34505
32 	33617
34 	33575
30 	32824
39 	32806
33 	32342
35 	31883
24 	31271
31 	31136
19 	30902
38 	30795
29 	30694
40 	30567
36 	29880
41 	27961
20 	27747
26 	26995
23 	26831
37 	25725
17 	23275
42 	20549
21 	17912
43 	17799
16 	15821
45 	14490
44 	14066
46 	11593
47 	8860
15 	8568
14 	6300
48 	3416
num weeks: 35
sum of aadt for this year: 890070
average weekly aadt: 25430.5714286
average weekly for top 12 months: 34015.6666667
average weekly for next 20 months: 23179.9
PPI: 1.46746390911
==================================================================
==================== Parc2011 ================================
22 	24776
38 	22803
24 	22767
35 	22089
27 	21960
36 	21417
28 	21213
23 	21211
37 	20263
29 	20120
30 	19869
26 	19832
39 	19629
31 	18997
33 	18201
32 	18106
34 	17943
40 	17864
19 	17311
25 	17119
41 	15008
43 	14985
42 	14909
44 	14779
20 	13489
21 	13380
45 	13332
46 	11199
17 	11131
18 	10735
15 	7695
16 	7502
14 	7352
47 	5774
48 	3315
13 	2136
num weeks: 36
sum of aadt for this year: 570211
average weekly aadt: 15839.1944444
average weekly for top 12 months: 21526.6666667
average weekly for next 20 months: 14665.7
PPI: 1.46782401567
==================================================================
==================== Parc2013 ================================
39 	21975
40 	21652
18 	21383
38 	21296
22 	20705
28 	20571
25 	20220
19 	20038
41 	19345
36 	19215
27 	19007
32 	18899
24 	18882
35 	18771
34 	18496
30 	18348
37 	18245
20 	17856
29 	17845
23 	17615
31 	17583
33 	17285
42 	15633
17 	15588
26 	15191
43 	14601
21 	11672
45 	11511
44 	11272
16 	11189
46 	8952
47 	7798
15 	6773
14 	5105
48 	2715
num weeks: 35
sum of aadt for this year: 563232
average weekly aadt: 16092.3428571
average weekly for top 12 months: 20358.8333333
average weekly for next 20 months: 15216.65
PPI: 1.33793136685
==================================================================
==================== Parc2012 ================================
37 	24186
24 	22596
23 	21693
28 	20893
25 	20852
34 	20836
20 	20327
27 	20273
36 	20153
35 	19638
30 	19628
38 	19466
39 	19131
29 	19021
21 	18970
22 	18700
33 	18666
31 	18085
43 	17456
40 	17275
32 	17129
26 	15979
42 	15611
19 	15123
18 	14528
41 	14350
16 	13131
15 	11975
44 	11788
45 	11557
46 	11315
47 	9400
14 	9247
17 	8778
48 	5006
13 	471
num weeks: 36
sum of aadt for this year: 583233
average weekly aadt: 16200.9166667
average weekly for top 12 months: 20878.4166667
average weekly for next 20 months: 15459.5
PPI: 1.35052341063
==================================================================
==================== Parc2014 ================================
39 	25061
37 	23936
25 	23377
38 	23039
36 	22963
35 	22639
40 	21733
34 	21532
23 	21216
29 	19998
32 	19172
22 	18827
21 	18450
28 	18082
26 	18069
30 	18046
27 	17865
20 	17620
19 	16972
31 	16827
24 	16660
41 	16407
42 	15860
33 	14380
43 	14141
18 	10252
17 	9133
44 	7724
15 	6953
16 	6739
14 	3040
num weeks: 31
sum of aadt for this year: 526713
average weekly aadt: 16990.7419355
average weekly for top 12 months: 21957.75
average weekly for next 20 months: 13161.0
PPI: 1.66839525872
==================================================================
==================== Berri12012 ================================
24 	39782
27 	38786
28 	37539
34 	36989
20 	36418
37 	36150
29 	35957
23 	35301
21 	34945
30 	34863
25 	34684
35 	34216
33 	33930
31 	32654
36 	31579
26 	30070
32 	29722
22 	28772
39 	26081
38 	25591
40 	24161
19 	24079
43 	22763
18 	22432
42 	20405
16 	19456
41 	19028
15 	17188
44 	14232
45 	14127
46 	13855
17 	13790
14 	12993
47 	10598
48 	5922
13 	662
num weeks: 36
sum of aadt for this year: 929720
average weekly aadt: 25825.5555556
average weekly for top 12 months: 36302.5
average weekly for next 20 months: 23195.75
PPI: 1.56504963194
==================================================================
==================== CSC2012 ================================
37 	16493
24 	15575
35 	15394
34 	15152
36 	14793
23 	14777
20 	14459
28 	14183
25 	14072
33 	13558
27 	13553
21 	13239
30 	13239
22 	12938
29 	12869
31 	12523
38 	12352
39 	11891
32 	11889
40 	11609
43 	10975
26 	10852
19 	10453
42 	9746
18 	9736
41 	9033
16 	8717
15 	7526
44 	6774
45 	6626
46 	6615
14 	5718
47 	5611
17 	5263
48 	2549
13 	341
num weeks: 36
sum of aadt for this year: 391093
average weekly aadt: 10863.6944444
average weekly for top 12 months: 14604.0
average weekly for next 20 months: 10104.05
PPI: 1.4453610186
==================================================================
==================== CSC2011 ================================
22 	15916
35 	15613
36 	15316
24 	14979
27 	14658
23 	13994
28 	13621
37 	13171
33 	12459
31 	12367
29 	12356
30 	12280
34 	12111
26 	12097
32 	11607
19 	11483
25 	11306
21 	8967
20 	8287
38 	7990
45 	7138
17 	7062
18 	6767
46 	5659
39 	5120
14 	5004
15 	4803
40 	4638
16 	4543
41 	3667
44 	2858
47 	2304
48 	1393
13 	1252
42 	282
num weeks: 35
sum of aadt for this year: 313068
average weekly aadt: 8944.8
average weekly for top 12 months: 13894.1666667
average weekly for next 20 months: 7170.55
PPI: 1.93767098293
==================================================================
==================== Berri12011 ================================
24 	42007
27 	40608
28 	38876
22 	38236
26 	37707
29 	36017
23 	35430
36 	32689
38 	32671
35 	32031
33 	31596
37 	31019
32 	30677
34 	29924
25 	29411
31 	27694
39 	26202
40 	25194
41 	19593
42 	17304
43 	17245
15 	10632
45 	10055
14 	9939
44 	9586
46 	7104
47 	6402
30 	4824
48 	3084
16 	2860
13 	2763
17 	0
18 	0
19 	0
20 	0
21 	0
num weeks: 36
sum of aadt for this year: 719380
average weekly aadt: 19982.7777778
average weekly for top 12 months: 35740.5833333
average weekly for next 20 months: 14524.65
PPI: 2.46068465218
==================================================================
==================== Berri12014 ================================
25 	39452
29 	35211
23 	33893
27 	33328
34 	33181
35 	32261
36 	32234
39 	32182
28 	31965
32 	31879
26 	31795
22 	31787
21 	31739
30 	30830
37 	29655
31 	28245
38 	28006
20 	27790
19 	27192
24 	26878
40 	25454
33 	21150
41 	18946
42 	18514
18 	15226
43 	14507
17 	13594
16 	9976
15 	9468
44 	8423
14 	4227
num weeks: 31
sum of aadt for this year: 788988
average weekly aadt: 25451.2258065
average weekly for top 12 months: 33264.0
average weekly for next 20 months: 19491.0
PPI: 1.706633831
==================================================================
==================== CSC2014 ================================
37 	16697
39 	16287
36 	15917
25 	15698
38 	15468
23 	14917
40 	14724
35 	14471
34 	14015
21 	13663
29 	13357
19 	12960
32 	12754
22 	12655
20 	12648
28 	12068
30 	12058
26 	11990
31 	11867
24 	11768
27 	11725
41 	10283
42 	9358
33 	8867
18 	7956
43 	7113
17 	7032
44 	4728
15 	2628
16 	2498
14 	1430
num weeks: 31
sum of aadt for this year: 349600
average weekly aadt: 11277.4193548
average weekly for top 12 months: 14847.8333333
average weekly for next 20 months: 8571.3
PPI: 1.73227320632
==================================================================
==================== Rachel12011 ================================
22 	37323
27 	35111
24 	34827
35 	33379
28 	32851
31 	32669
26 	32152
30 	32035
33 	31836
32 	31725
38 	31663
29 	31642
36 	31522
34 	29754
23 	29505
37 	28174
25 	26526
19 	25778
40 	24379
39 	22980
41 	21533
42 	21376
43 	21359
20 	21269
44 	21052
21 	20605
17 	19533
18 	17185
45 	15784
46 	13624
16 	11638
14 	10833
15 	10254
47 	7902
48 	3776
13 	3342
num weeks: 36
sum of aadt for this year: 856896
average weekly aadt: 23802.6666667
average weekly for top 12 months: 33101.0833333
average weekly for next 20 months: 21720.45
PPI: 1.52395937162
==================================================================
==================== Rachel12012 ================================
24 	38037
23 	36101
34 	35673
27 	35656
25 	34988
20 	34981
28 	34535
29 	33979
37 	33914
21 	32914
30 	32443
35 	31142
33 	31015
36 	30885
31 	30051
22 	29174
26 	28959
32 	27156
38 	25654
39 	25212
19 	25052
18 	23977
43 	23589
40 	22758
42 	20232
15 	19393
41 	19225
16 	19019
45 	15568
44 	15180
46 	15166
14 	14514
17 	14206
47 	12827
48 	6748
13 	1086
num weeks: 36
sum of aadt for this year: 911009
average weekly aadt: 25305.8055556
average weekly for top 12 months: 34530.25
average weekly for next 20 months: 23088.95
PPI: 1.49553141221
==================================================================
==================== Rachel12013 ================================
22 	43008
28 	40954
18 	40165
27 	38606
32 	37468
34 	37149
33 	36722
30 	36679
35 	35949
25 	35882
39 	34604
31 	34596
24 	34523
19 	34493
29 	34236
38 	33089
26 	32217
40 	32097
36 	32007
23 	30999
20 	30753
41 	29172
37 	28209
17 	22775
42 	22323
21 	20410
43 	18770
16 	16172
14 	15479
45 	15220
44 	15035
46 	12985
47 	10001
15 	9255
48 	3986
num weeks: 35
sum of aadt for this year: 985988
average weekly aadt: 28171.0857143
average weekly for top 12 months: 37648.5
average weekly for next 20 months: 25548.2
PPI: 1.47362632201
==================================================================
==================== Rachel12014 ================================
25 	43121
23 	40333
22 	38513
21 	37248
26 	36398
24 	31602
19 	31286
20 	30637
40 	18860
18 	17858
42 	17423
41 	17063
17 	15677
43 	14238
16 	12498
15 	12327
27 	11932
39 	9529
44 	6651
14 	5956
32 	1444
31 	842
28 	838
29 	816
30 	698
34 	673
35 	494
36 	463
33 	408
37 	345
38 	260
num weeks: 31
sum of aadt for this year: 456431
average weekly aadt: 14723.5806452
average weekly for top 12 months: 30028.5
average weekly for next 20 months: 4804.45
PPI: 6.2501430965
==================================================================
==================== LLYN2014 ================================
25 	11622
29 	10346
28 	10316
30 	10244
23 	10020
22 	10018
26 	9773
35 	9420
27 	9375
39 	9287
34 	9139
37 	8967
21 	8777
40 	8727
36 	8525
32 	8474
38 	8330
24 	8172
31 	7965
19 	7723
20 	7328
33 	6525
41 	5875
43 	5759
44 	5700
18 	4765
42 	4731
45 	4708
46 	3788
17 	3652
15 	3235
48 	2527
16 	2372
14 	1527
47 	1377
num weeks: 35
sum of aadt for this year: 249089
average weekly aadt: 7116.82857143
average weekly for top 12 months: 9877.25
average weekly for next 20 months: 6264.3
PPI: 1.57675239053
==================================================================
==================== LLYN2011 ================================
28 	8856
37 	7519
38 	7499
36 	7252
30 	7133
29 	6968
33 	6787
35 	6759
32 	6716
31 	6703
34 	6691
40 	6270
39 	6236
41 	4847
42 	4825
44 	4784
43 	4659
45 	4361
46 	4281
47 	2661
48 	1357
27 	990
num weeks: 22
sum of aadt for this year: 124154
average weekly aadt: 5643.36363636
average weekly for top 12 months: 7096.08333333
average weekly for next 20 months: 1950.05
PPI: 3.63892378828
==================================================================
==================== LLYN2012 ================================
28 	11503
29 	9835
27 	9635
24 	9625
26 	9609
25 	9507
30 	9292
34 	9201
37 	9157
20 	9110
23 	9004
31 	8982
22 	8545
21 	8513
33 	8419
35 	8395
36 	7200
38 	7108
39 	6963
40 	6719
32 	6621
19 	6536
18 	6261
43 	5907
42 	5754
41 	5113
16 	5092
15 	4262
45 	4163
44 	3996
47 	3942
46 	3928
14 	3782
17 	3546
48 	1545
13 	128
num weeks: 36
sum of aadt for this year: 246898
average weekly aadt: 6858.27777778
average weekly for top 12 months: 9538.33333333
average weekly for next 20 months: 6171.85
PPI: 1.54545773688
==================================================================
==================== LLYN2013 ================================
28 	11453
25 	10370
30 	9713
27 	9498
29 	9298
34 	9274
22 	9190
33 	9035
35 	8993
19 	8892
39 	8859
38 	8818
40 	8688
24 	8594
18 	8526
26 	8480
23 	8399
32 	8324
31 	8304
20 	8169
37 	7623
36 	7622
41 	7417
21 	6178
43 	5715
17 	5687
42 	5596
45 	4613
44 	4589
16 	4182
46 	3369
47 	2979
15 	2920
14 	2135
48 	1118
num weeks: 35
sum of aadt for this year: 252620
average weekly aadt: 7217.71428571
average weekly for top 12 months: 9449.41666667
average weekly for next 20 months: 6652.7
PPI: 1.42038821331
==================================================================
==================== ALEX2011 ================================
24 	14453
27 	13766
22 	13360
23 	12466
26 	12228
31 	12048
34 	12047
36 	11995
29 	11846
28 	11581
32 	11535
35 	11364
25 	11052
38 	10989
33 	10968
30 	10864
37 	10708
19 	9870
20 	9513
40 	9400
21 	8789
39 	8147
18 	6902
41 	6682
42 	5790
44 	5572
17 	5571
43 	5396
45 	5253
46 	4962
14 	4115
15 	3955
16 	3844
47 	2956
48 	1426
13 	1187
num weeks: 36
sum of aadt for this year: 312600
average weekly aadt: 8683.33333333
average weekly for top 12 months: 12390.75
average weekly for next 20 months: 7724.9
PPI: 1.6040013463
==================================================================
==================== LMET2012 ================================
28 	15228
25 	13629
29 	13560
24 	13508
26 	13425
27 	13029
30 	12892
20 	12860
34 	12830
37 	12788
23 	12500
31 	12342
21 	12120
33 	11825
35 	11812
22 	11645
39 	10557
36 	10174
38 	9945
40 	9650
32 	9489
19 	9366
18 	8879
43 	8541
42 	8347
41 	7541
16 	7376
15 	6427
45 	6020
47 	5948
44 	5882
46 	5767
14 	5426
17 	5189
48 	2411
13 	197
num weeks: 36
sum of aadt for this year: 349125
average weekly aadt: 9697.91666667
average weekly for top 12 months: 13215.9166667
average weekly for next 20 months: 8865.55
PPI: 1.49070465641
==================================================================
==================== LMET2011 ================================
37 	11416
28 	11235
38 	11197
36 	10535
39 	9690
32 	9498
33 	9384
35 	9383
40 	9383
30 	9363
34 	9229
31 	9111
29 	9032
41 	7395
42 	7378
44 	7168
43 	6995
45 	6809
46 	6534
47 	4179
48 	2020
27 	1278
num weeks: 22
sum of aadt for this year: 178212
average weekly aadt: 8100.54545455
average weekly for top 12 months: 9952.0
average weekly for next 20 months: 2939.4
PPI: 3.38572497789
==================================================================
==================== ALEX2012 ================================
20 	14772
21 	14379
28 	14135
24 	13975
29 	13955
23 	13544
27 	13407
34 	13403
25 	13318
30 	13165
35 	13095
37 	12754
33 	12333
26 	12330
31 	12155
36 	10764
19 	10507
32 	10258
22 	10141
39 	9759
18 	9568
38 	9154
40 	8677
43 	7528
42 	7261
41 	6598
16 	6477
15 	6062
14 	5702
45 	5047
46 	5025
44 	4854
47 	4728
17 	4380
48 	1733
13 	153
num weeks: 36
sum of aadt for this year: 345096
average weekly aadt: 9586.0
average weekly for top 12 months: 13658.5
average weekly for next 20 months: 8510.0
PPI: 1.60499412456
==================================================================
==================== ALEX2014 ================================
25 	15741
32 	15099
30 	14901
22 	14755
29 	14614
23 	14475
26 	13863
35 	13821
21 	13612
36 	13605
34 	13441
39 	13208
31 	13149
27 	12859
28 	12670
37 	12230
24 	12086
19 	12031
20 	11651
38 	10978
40 	10847
33 	8893
41 	7963
44 	7141
43 	7013
42 	6376
18 	5826
45 	5404
17 	5299
46 	4731
16 	3942
48 	3176
15 	2192
47 	600
num weeks: 34
sum of aadt for this year: 348192
average weekly aadt: 10240.9411765
average weekly for top 12 months: 14261.25
average weekly for next 20 months: 8713.25
PPI: 1.6367314148
==================================================================
==================== LMET2014 ================================
25 	15396
30 	14250
29 	14247
35 	13614
26 	13499
28 	13493
23 	13146
22 	13119
34 	13037
39 	12570
37 	12480
27 	12418
32 	12413
31 	11706
36 	11700
21 	11685
40 	11675
38 	11562
24 	10964
19 	10318
20 	9786
33 	9415
41 	8054
43 	7966
44 	7705
42 	6811
45 	6603
18 	6180
46 	5434
17 	5129
15 	4374
48 	3604
16 	3388
47 	2162
14 	2104
num weeks: 35
sum of aadt for this year: 342007
average weekly aadt: 9771.62857143
average weekly for top 12 months: 13439.0833333
average weekly for next 20 months: 8654.2
PPI: 1.5528972445
==================================================================
==================== CRTZ2014 ================================
21 	15928
25 	14368
29 	13856
27 	13396
32 	13344
22 	13295
34 	12674
30 	12633
36 	12432
26 	12189
19 	11811
23 	11746
35 	11523
31 	11301
20 	11155
39 	11126
28 	10923
24 	9776
37 	8255
40 	7292
33 	7070
38 	6977
41 	4632
42 	4531
43 	4452
17 	4277
18 	4146
44 	3869
45 	3028
46 	2607
16 	1855
48 	1547
14 	820
47 	630
15 	357
num weeks: 35
sum of aadt for this year: 289821
average weekly aadt: 8280.6
average weekly for top 12 months: 13139.3333333
average weekly for next 20 months: 6517.1
PPI: 2.01613191962
==================================================================
==================== CRTZ2011 ================================
26 	14852
27 	13991
24 	13745
28 	12999
31 	12820
30 	12815
22 	12782
29 	12175
23 	11886
32 	11561
36 	11311
33 	11103
35 	10654
34 	10612
25 	10287
38 	9825
37 	9310
40 	8098
39 	6281
41 	6166
44 	4237
42 	3874
43 	3742
45 	3737
46 	3203
47 	1697
48 	720
num weeks: 27
sum of aadt for this year: 244483
average weekly aadt: 9054.92592593
average weekly for top 12 months: 12670.0
average weekly for next 20 months: 4622.15
PPI: 2.74114859968
==================================================================
==================== CRTZ2012 ================================
27 	13858
26 	13299
28 	13160
29 	13124
24 	12659
21 	12292
30 	12200
34 	12078
25 	11854
23 	11667
20 	11433
33 	11431
31 	11290
35 	11016
19 	10478
37 	9657
32 	9532
36 	9385
18 	9362
22 	7981
39 	6709
38 	6168
40 	6045
15 	5178
43 	4931
42 	4773
16 	4747
41 	4463
14 	4431
17 	3146
46 	3109
45 	2898
47 	2745
44 	2743
48 	740
13 	123
num weeks: 36
sum of aadt for this year: 290705
average weekly aadt: 8075.13888889
average weekly for top 12 months: 12421.25
average weekly for next 20 months: 6764.95
PPI: 1.83611852268
==================================================================
==================== CRTZ2013 ================================
32 	13967
18 	13878
28 	13353
30 	12906
25 	12586
27 	12531
20 	12012
33 	11857
29 	11575
34 	11570
19 	11567
31 	11325
26 	11015
22 	10820
24 	10573
35 	10298
23 	9814
39 	9099
21 	8792
36 	8652
38 	7821
40 	7661
41 	7645
37 	7246
17 	7192
42 	4762
16 	3939
43 	3181
44 	2644
45 	2468
46 	2223
15 	2198
14 	1582
47 	1467
48 	421
num weeks: 35
sum of aadt for this year: 290640
average weekly aadt: 8304.0
average weekly for top 12 months: 12427.25
average weekly for next 20 months: 6902.15
PPI: 1.80048970248
==================================================================
==================== ORPY2013 ================================
28 	25921
27 	22634
30 	20167
32 	19489
25 	18095
33 	17557
34 	17391
29 	17238
18 	16647
31 	16147
22 	16099
24 	15840
35 	15191
39 	15158
26 	15064
23 	14925
19 	13884
20 	13749
40 	13128
36 	12900
38 	12722
41 	12410
37 	11199
17 	10719
21 	10232
42 	7980
43 	6179
16 	4907
44 	4671
45 	4616
46 	3706
47 	2523
15 	1995
48 	278
14 	40
num weeks: 35
sum of aadt for this year: 431401
average weekly aadt: 12325.7428571
average weekly for top 12 months: 18602.0833333
average weekly for next 20 months: 10293.15
PPI: 1.80722940337
==================================================================
==================== ORPY2012 ================================
28 	23396
27 	22921
29 	19723
26 	19720
20 	19054
21 	18774
24 	18696
30 	18108
34 	17956
23 	17925
25 	17071
33 	16309
31 	16273
35 	16094
37 	14856
19 	14016
36 	13672
32 	13420
22 	13022
18 	12534
39 	10249
38 	9698
40 	9248
15 	8228
43 	8183
16 	8114
42 	7438
14 	7003
41 	6703
17 	4708
46 	4221
45 	4176
44 	4075
47 	4017
48 	598
13 	93
num weeks: 36
sum of aadt for this year: 440292
average weekly aadt: 12230.3333333
average weekly for top 12 months: 19137.75
average weekly for next 20 months: 10092.8
PPI: 1.89617846386
==================================================================
==================== ORPY2011 ================================
27 	25857
28 	22527
26 	21201
24 	20042
22 	20035
23 	18295
31 	17423
29 	17029
30 	16693
32 	16590
36 	15959
33 	15681
35 	15489
34 	15251
19 	14787
25 	14770
38 	14044
37 	13160
40 	11538
20 	11358
21 	11068
17 	9512
18 	9361
39 	9256
41 	8156
44 	6573
42 	6103
16 	5761
43 	5759
45 	5441
15 	5089
14 	5067
46 	5053
47 	2390
48 	1220
13 	928
num weeks: 36
sum of aadt for this year: 434466
average weekly aadt: 12068.5
average weekly for top 12 months: 18944.3333333
average weekly for next 20 months: 9877.15
PPI: 1.91799591313
==================================================================
==================== ORPY2014 ================================
27 	24525
25 	23080
28 	22673
29 	20802
22 	20041
30 	19973
23 	19663
21 	19339
32 	19317
26 	18973
34 	17877
35 	17580
36 	17447
39 	16769
24 	16135
19 	16107
31 	16047
37 	13701
20 	13607
40 	12472
38 	11653
33 	10545
41 	8009
18 	7157
42 	7145
43 	6789
44 	6522
17 	6030
45 	4879
46 	3883
48 	787
47 	386
14 	0
15 	0
16 	0
num weeks: 35
sum of aadt for this year: 439913
average weekly aadt: 12568.9428571
average weekly for top 12 months: 20320.25
average weekly for next 20 months: 9803.5
PPI: 2.07275462845
==================================================================
==================== LMET2013 ================================
25 	14227
28 	13821
30 	13463
33 	12903
39 	12850
34 	12801
29 	12707
38 	12650
22 	12608
35 	12365
19 	12271
40 	12196
27 	12163
24 	11926
32 	11912
26 	11627
18 	11525
31 	11507
20 	11483
23 	11382
36 	10982
37 	10852
41 	10567
21 	8483
43 	8197
17 	8039
42 	7953
45 	6706
44 	6566
16 	6550
46 	5046
15 	4716
47 	4249
14 	3222
48 	1808
num weeks: 35
sum of aadt for this year: 352323
average weekly aadt: 10066.3714286
average weekly for top 12 months: 12905.1666667
average weekly for next 20 months: 9409.1
PPI: 1.3715622819
==================================================================
==================== COBY2011 ================================
26 	13272
24 	12431
27 	12058
30 	11172
31 	11144
22 	11030
28 	10892
29 	10727
23 	10607
36 	10178
32 	10118
25 	10075
33 	9843
34 	9786
35 	9669
38 	9019
37 	8622
21 	7943
19 	7672
20 	7627
40 	7524
39 	6103
41 	5673
18 	5533
17 	4637
42 	4055
44 	3936
43 	3929
45 	3720
46 	3382
16 	2488
14 	2133
47 	2057
15 	1889
48 	884
13 	848
num weeks: 36
sum of aadt for this year: 262676
average weekly aadt: 7296.55555556
average weekly for top 12 months: 11142.0
average weekly for next 20 months: 6164.7
PPI: 1.80738722079
==================================================================
==================== COBY2012 ================================
26 	14452
21 	13876
28 	13333
27 	13254
29 	13078
20 	12692
25 	12348
24 	12241
30 	12175
34 	12087
33 	11428
23 	11400
31 	11316
35 	11018
37 	10482
19 	9628
36 	9399
32 	9298
22 	8599
18 	8588
39 	7294
38 	7077
40 	6492
43 	5410
42 	5192
15 	5106
41 	4919
16 	4489
14 	3900
45 	3517
46 	3498
17 	3437
44 	3256
47 	3205
48 	1026
13 	68
num weeks: 36
sum of aadt for this year: 298578
average weekly aadt: 8293.83333333
average weekly for top 12 months: 12697.0
average weekly for next 20 months: 6932.95
PPI: 1.83139933217
==================================================================
==================== COBY2013 ================================
30 	13660
32 	13288
28 	13021
25 	12969
27 	12504
33 	12034
34 	11828
18 	11624
29 	11558
24 	11246
31 	11245
26 	11094
35 	10772
22 	10685
19 	10584
20 	10465
39 	10293
23 	9994
36 	9203
21 	9136
38 	8393
40 	8326
41 	8223
37 	8100
17 	6759
42 	5589
43 	4224
16 	3967
44 	3628
45 	3291
46 	2895
15 	2482
47 	2084
14 	1856
48 	722
num weeks: 35
sum of aadt for this year: 297742
average weekly aadt: 8506.91428571
average weekly for top 12 months: 12172.5833333
average weekly for next 20 months: 7350.45
PPI: 1.65603239711
==================================================================
==================== COBY2014 ================================
25 	15715
21 	15133
27 	13800
32 	13759
30 	13315
22 	13176
29 	13170
26 	13063
23 	12682
34 	12351
36 	11956
35 	11948
28 	11479
31 	11456
19 	11202
39 	11052
24 	10476
20 	9983
37 	9750
40 	8411
38 	8224
33 	7369
41 	5942
42 	5197
43 	5066
18 	4737
44 	4701
17 	4245
45 	3726
16 	3265
46 	3156
48 	2048
15 	2037
47 	859
14 	0
num weeks: 35
sum of aadt for this year: 304449
average weekly aadt: 8698.54285714
average weekly for top 12 months: 13339.0
average weekly for next 20 months: 7074.25
PPI: 1.88557090858
==================================================================
==================== ALEX2013 ================================
32 	14341
28 	14121
25 	13614
33 	13614
30 	13170
29 	12706
34 	12522
35 	12415
31 	12359
20 	12326
26 	12247
18 	12157
23 	12048
24 	11614
19 	11555
22 	11271
38 	11253
39 	10994
40 	10875
36 	10759
27 	10747
41 	10576
37 	9959
21 	9033
17 	8118
42 	7068
43 	6701
44 	5429
45 	5207
16 	5105
46 	3920
48 	3709
15 	3461
47 	3274
14 	2173
num weeks: 35
sum of aadt for this year: 340441
average weekly aadt: 9726.88571429
average weekly for top 12 months: 12966.0
average weekly for next 20 months: 8797.05
PPI: 1.47390318345
==================================================================
clustering..
k=2
Cluster#0: Totem_Laurier2014, Totem_Laurier2013, PierDup2011, PierDup2013, PierDup2012, Maisonneuve_12011, Maisonneuve_12012, Maisonneuve_12013, Maisonneuve_12014, Maisonneuve_22014, Maisonneuve_22013, Maisonneuve_22012, Maisonneuve_22011, PierDup2014, CSC2013, Berri12013, Parc2011, Parc2013, Parc2012, Parc2014, Berri12012, CSC2012, CSC2011, Berri12011, Berri12014, CSC2014, Rachel12011, Rachel12012, Rachel12013
Cluster#1: Rachel12014

k=3
Cluster#0: Totem_Laurier2014, Totem_Laurier2013, Maisonneuve_12011, Maisonneuve_12012, Maisonneuve_12013, Maisonneuve_12014, Maisonneuve_22014, Maisonneuve_22013, Maisonneuve_22012, Maisonneuve_22011, CSC2013, Berri12013, Parc2011, Parc2013, Parc2012, Parc2014, Berri12012, CSC2012, CSC2011, Berri12014, CSC2014, Rachel12011, Rachel12012, Rachel12013
Cluster#1: Rachel12014
Cluster#2: PierDup2011, PierDup2013, PierDup2012, PierDup2014, Berri12011

k=4
Cluster#0: Totem_Laurier2014, Totem_Laurier2013, Maisonneuve_12011, Maisonneuve_12012, Maisonneuve_12013, Maisonneuve_12014, Maisonneuve_22014, Maisonneuve_22013, Maisonneuve_22012, Maisonneuve_22011, CSC2013, Berri12013, Parc2011, Parc2013, Parc2012, Parc2014, Berri12012, CSC2012, Berri12014, CSC2014, Rachel12011, Rachel12012, Rachel12013
Cluster#1: Rachel12014
Cluster#2: PierDup2011, PierDup2013, PierDup2012, PierDup2014
Cluster#3: CSC2011, Berri12011

k=2
Cluster#0: LLYN2011, ALEX2011, LMET2011, ALEX2012, ALEX2014, CRTZ2014, CRTZ2011, CRTZ2012, CRTZ2013, ORPY2013, ORPY2012, ORPY2011, ORPY2014, COBY2011, COBY2012, COBY2013, COBY2014, ALEX2013
Cluster#1: LLYN2014, LLYN2012, LLYN2013, LMET2012, LMET2014, LMET2013

k=3
Cluster#0: LLYN2014, LLYN2012, LLYN2013, LMET2012, LMET2014, LMET2013
Cluster#1: ALEX2011, ALEX2012, ALEX2014, CRTZ2014, CRTZ2011, CRTZ2012, CRTZ2013, ORPY2013, ORPY2012, ORPY2011, ORPY2014, COBY2011, COBY2012, COBY2013, COBY2014, ALEX2013
Cluster#2: LLYN2011, LMET2011

k=4
Cluster#0: LLYN2014, LLYN2012, LLYN2013, LMET2012, LMET2014, LMET2013
Cluster#1: CRTZ2014, CRTZ2011, CRTZ2012, CRTZ2013, COBY2011, COBY2012, COBY2013, COBY2014
Cluster#2: LLYN2011, LMET2011
Cluster#3: ALEX2011, ALEX2012, ALEX2014, ORPY2013, ORPY2012, ORPY2011, ORPY2014, ALEX2013

